1000 1.9984923564910888
2000 1.6395290886878964
3000 1.4054858103752126
4000 1.1645090991020186
5000 1.1119800701856613
6000 0.6483011158227932
7000 0.5576883624076837
8000 0.6790602682352067
9000 0.4469936481952666
1000 0.7398445222616196
2000 0.2538721916913986
3000 0.20090056133270234
4000 0.15999174561500548
5000 0.12482395348548879
6000 0.105296956396103
7000 0.08935083661079404
8000 0.08710401151180269
9000 0.0723295994758607
1000 0.13978743913173688
2000 0.05047673637866971
3000 0.04295457446575168
4000 0.044978203797340396
5000 0.841390679645538
6000 0.28508545570373506
7000 0.09316863009929655
8000 0.07518231713771807
9000 0.06020903158187861
1000 0.10777899920940383
2000 0.04048074049949647
3000 0.03581296818256382
4000 0.035927958178520174
5000 0.03097821493148804
6000 0.03399873244762423
7000 0.024461236023902922
8000 0.029129545593261714
